0
0
0
0
0
0
0
0
0
0
0
0
0
0
0
0
0
0
0
0
1
19896
0
19896
0
19896
0
19896
0
19896
0
19896
1
99afb
0
99afb
0
99afb
0
99afb
0
99afb
1
ee326
0
ee326
0
ee326
0
ee326
0
ee326
0
ee326
0
ee326
0
ee326
0
ee326
0
ee326
0
ee326
0
ee326
0
ee326
0
ee326
0
ee326
0
ee326
0
ee326
1
70156
0
70156
0
70156
0
70156
0
70156
0
70156
0
70156
0
70156
0
70156
0
0
0
0
0
0
0
0
0
0
0
0
0
0
0
0
0
0
1
161a2
1
63b2a
0
63b2a
1
ca249
1
f64d2
0
f64d2
0
f64d2
0
f64d2
0
f64d2
0
f64d2
0
f64d2
0
f64d2
0
f64d2
0
f64d2
0
f64d2
0
f64d2
0
f64d2
0
f64d2
0
f64d2
0
f64d2
0
f64d2
0
f64d2
1
b8ca
0
b8ca
0
b8ca
0
b8ca
0
b8ca
0
b8ca
0
b8ca
0
b8ca
0
b8ca
0
0
0
0
0
0
0
0
0
0
0
0
0
0
0
0
0
0
0
0
0
0
0
0
0
0
0
0
0
0
0
0
0
0
0
0
1
32061
0
32061
0
32061
0
32061
0
32061
0
32061
0
32061
0
32061
1
617c1
0
617c1
0
617c1
0
617c1
0
617c1
0
617c1
0
617c1
0
617c1
0
617c1
0
617c1
0
617c1
0
617c1
0
617c1
0
617c1
0
617c1
0
0
0
0
0
0
0
0
0
0
0
0
0
0
0
0
0
0
1
639e8
0
639e8
0
639e8
0
639e8
0
639e8
0
639e8
0
639e8
0
639e8
0
639e8
0
639e8
0
639e8
0
639e8
0
639e8
0
639e8
0
639e8
0
639e8
0
639e8
0
639e8
0
639e8
0
639e8
0
639e8
0
0
0
0
0
0
0
0
0
0
0
0
0
0
0
0
0
0
0
0
1
20bb4
0
20bb4
0
20bb4
0
20bb4
0
20bb4
0
20bb4
0
20bb4
0
20bb4
0
20bb4
0
20bb4
0
20bb4
0
20bb4
0
20bb4
0
20bb4
0
20bb4
0
20bb4
0
20bb4
0
20bb4
0
20bb4
0
20bb4
0
20bb4
0
20bb4
0
20bb4
0
20bb4
0
20bb4
0
20bb4
0
20bb4
0
20bb4
0
20bb4
0
20bb4
0
20bb4
0
20bb4
0
20bb4
0
20bb4
0
20bb4
0
0
0
0
0
0
0
0
0
0
0
0
0
0
0
0
0
0
0
0
0
0
0
0
0
0
0
0
0
0
0
0
0
0
0
0
0
0
0
0
0
0
0
0
0
0
0
0
0
0
0
0
0
0
0
0
0
0
0
0
0
0
0
0
0
0
0
0
0
0
0
0
0
0
0
0
0
0
0
0
0
0
0
0
0
0
0
0
0
0
0
0
0
0
0
0
0
0
0
0
0
0
0
0
0
0
0
0
0
0
0
0
0
0
0
0
0
0
0
0
0
0
0
0
0
0
0
0
0
0
0
0
1
1f989
0
1f989
0
1f989
0
1f989
0
1f989
0
1f989
0
1f989
0
1f989
0
1f989
0
1f989
0
1f989
0
1f989
0
1f989
0
1f989
0
1f989
0
1f989
0
1f989
0
1f989
0
1f989
0
1f989
0
1f989
1
3e9fd
0
3e9fd
0
3e9fd
0
3e9fd
0
3e9fd
0
3e9fd
1
6df11
1
0
0
0
1
be65
0
be65
0
be65
0
be65
0
be65
0
be65
0
be65
0
be65
0
0
0
0
0
0
0
0
0
0
0
0
0
0
0
0
0
0
0
0
0
0
0
0
0
0
0
0
0
0
0
0
1
39486
0
39486
0
39486
0
39486
0
39486
0
0
0
0
0
0
0
0
0
0
0
0
0
0
1
3b560
0
3b560
0
3b560
0
3b560
0
3b560
0
3b560
0
3b560
0
3b560
0
3b560
0
3b560
1
40a2b
0
40a2b
0
40a2b
0
40a2b
0
40a2b
0
40a2b
0
40a2b
0
40a2b
0
40a2b
0
40a2b
0
40a2b
0
40a2b
0
40a2b
0
40a2b
0
40a2b
0
40a2b
0
40a2b
0
40a2b
0
40a2b
0
40a2b
0
40a2b
0
40a2b
0
40a2b
0
40a2b
1
4354b
0
4354b
0
4354b
0
4354b
0
4354b
0
4354b
0
4354b
0
4354b
0
4354b
0
0
0
0
0
0
0
0
0
0
0
0
0
0
0
0
0
0
0
0
0
0
0
0
0
0
0
0
0
0
0
0
0
0
0
0
0
0
0
0
0
0
1
134d0
0
134d0
0
134d0
0
134d0
0
134d0
0
134d0
0
134d0
0
134d0
0
134d0
0
134d0
0
134d0
0
134d0
1
35ed4
0
35ed4
0
35ed4
0
35ed4
0
35ed4
0
35ed4
0
35ed4
0
35ed4
0
35ed4
0
35ed4
0
35ed4
0
35ed4
0
35ed4
0
35ed4
0
35ed4
0
35ed4
0
35ed4
0
35ed4
0
35ed4
0
35ed4
0
35ed4
0
35ed4
0
35ed4
0
35ed4
0
35ed4
0
35ed4
0
35ed4
0
35ed4
0
35ed4
0
0
0
0
0
0
0
0
0
0
0
0
0
0
0
0
0
0
0
0
0
0
0
0
0
0
0
0
0
0
1
23fc
0
23fc
0
23fc
0
23fc
0
23fc
0
23fc
0
23fc
0
23fc
1
5fae
0
5fae
0
5fae
0
5fae
0
5fae
0
5fae
0
5fae
0
5fae
0
5fae
0
5fae
0
5fae
0
5fae
0
5fae
0
5fae
0
0
0
0
0
0
0
0
0
0
0
0
0
0
0
0
0
0
0
0
0
0
0
0
0
0
0
0
0
0
0
0
0
0
0
0
0
0
0
0
0
0
1
43416
0
43416
0
43416
0
43416
0
43416
0
43416
0
43416
0
43416
0
43416
0
43416
1
4a103
0
4a103
0
4a103
0
4a103
0
4a103
0
4a103
0
4a103
0
4a103
0
4a103
0
4a103
0
4a103
0
4a103
0
4a103
1
ba1d
0
ba1d
1
ab8d2
0
ab8d2
0
ab8d2
0
ab8d2
0
ab8d2
0
ab8d2
0
ab8d2
0
ab8d2
0
ab8d2
0
ab8d2
0
ab8d2
0
ab8d2
0
ab8d2
1
c6772
0
c6772
0
c6772
0
c6772
0
c6772
0
c6772
0
c6772
0
c6772
0
c6772
0
c6772
0
c6772
0
c6772
0
c6772
0
c6772
0
c6772
0
c6772
0
c6772
0
c6772
0
c6772
0
c6772
0
c6772
0
c6772
0
c6772
0
c6772
0
c6772
0
c6772
0
c6772
1
ceede
0
ceede
0
ceede
0
ceede
0
0
0
0
0
0
0
0
0
0
0
0
0
0
0
0
0
0
0
0
1
d9c34
0
d9c34
1
34a4c
0
34a4c
0
34a4c
0
34a4c
0
34a4c
0
34a4c
0
34a4c
0
34a4c
0
34a4c
0
34a4c
0
34a4c
0
34a4c
0
34a4c
0
34a4c
1
4e3ac
0
4e3ac
0
4e3ac
0
4e3ac
0
4e3ac
0
4e3ac
0
4e3ac
0
4e3ac
0
4e3ac
0
4e3ac
0
4e3ac
0
4e3ac
0
4e3ac
0
4e3ac
0
4e3ac
0
4e3ac
0
4e3ac
0
4e3ac
0
0
0
0
0
0
0
0
0
0
0
0
0
0
0
0
0
0
0
0
0
0
0
0
0
0
0
0
0
0
0
0
0
0
0
0
0
0
0
0
0
0
1
592fb
0
592fb
0
592fb
0
592fb
0
592fb
0
592fb
0
592fb
0
592fb
0
592fb
0
592fb
0
592fb
0
592fb
0
592fb
0
592fb
0
592fb
0
592fb
0
592fb
0
592fb
0
592fb
0
592fb
0
592fb
0
592fb
0
592fb
0
592fb
1
fce77
0
fce77
0
fce77
0
fce77
0
fce77
0
fce77
0
fce77
0
fce77
0
fce77
1
1d06
0
1d06
0
1d06
0
1d06
0
1d06
0
1d06
0
1d06
0
1d06
0
1d06
0
1d06
0
1d06
0
1d06
0
1d06
1
b1ba6
0
b1ba6
0
b1ba6
0
b1ba6
0
b1ba6
1
c38f4
0
c38f4
0
c38f4
0
c38f4
0
c38f4
0
c38f4
0
c38f4
0
c38f4
0
c38f4
0
c38f4
0
c38f4
0
c38f4
0
c38f4
0
c38f4
0
c38f4
0
c38f4
0
c38f4
0
c38f4
0
c38f4
0
c38f4
0
c38f4
0
c38f4
0
c38f4
0
c38f4
0
c38f4
0
c38f4
0
c38f4
0
c38f4
1
11d63
0
11d63
0
11d63
0
11d63
0
11d63
0
11d63
0
11d63
0
11d63
0
11d63
0
11d63
0
11d63
0
11d63
0
11d63
0
11d63
0
11d63
0
11d63
0
11d63
0
11d63
0
11d63
0
11d63
0
11d63
0
11d63
0
11d63
0
11d63
0
11d63
0
11d63
0
11d63
0
11d63
0
11d63
0
11d63
0
11d63
0
11d63
1
d1b85
0
d1b85
0
d1b85
0
d1b85
0
d1b85
0
d1b85
0
d1b85
0
d1b85
0
d1b85
0
d1b85
0
d1b85
0
d1b85
0
d1b85
0
d1b85
0
d1b85
0
d1b85
0
d1b85
0
d1b85
0
d1b85
0
d1b85
0
d1b85
1
3145
0
3145
0
3145
0
3145
0
3145
0
3145
0
3145
0
3145
0
3145
0
3145
0
3145
0
3145
0
3145
0
3145
0
3145
0
3145
0
3145
0
3145
0
3145
0
3145
0
3145
0
3145
0
3145
0
3145
0
3145
0
3145
0
3145
0
3145
0
3145
0
0
0
0
0
0
0
0
0
0
0
0
0
0
0
0
0
0
0
0
0
0
0
0
0
0
0
0
1
1dafe
0
1dafe
0
1dafe
0
1dafe
0
1dafe
0
1dafe
0
1dafe
0
1dafe
1
29890
0
29890
0
29890
0
29890
0
29890
0
29890
0
29890
0
29890
0
29890
0
29890
0
29890
0
29890
0
29890
0
29890
0
29890
0
29890
0
29890
0
29890
0
29890
0
29890
0
29890
0
29890
0
29890
0
29890
0
29890
0
29890
0
29890
0
29890
0
0
0
0
0
0
0
0
0
0
0
0
0
0
0
0
0
0
0
0
0
0
0
0
0
0
0
0
0
0
0
0
0
0
0
0
0
0
0
0
0
0
0
0
0
0
0
0
0
0
0
0
0
0
0
0
0
0
0
0
0
0
0
0
0
0
0
0
0
0
0
0
0
0
0
0
0
0
1
41140
0
41140
0
41140
0
41140
0
41140
0
41140
0
41140
0
41140
0
41140
0
41140
1
650ba
0
650ba
0
650ba
0
650ba
0
650ba
0
650ba
0
650ba
0
650ba
0
650ba
0
650ba
0
650ba
0
650ba
0
650ba
0
650ba
0
650ba
0
0
0
0
0
0
0
0
0
0
1
815d
0
815d
0
815d
0
815d
0
815d
0
815d
0
815d
1
37bc0
0
37bc0
0
37bc0
1
ba60
1
15ad4
0
15ad4
1
464a4
0
464a4
0
464a4
0
464a4
0
464a4
0
464a4
0
464a4
0
464a4
0
464a4
0
464a4
0
464a4
0
464a4
0
464a4
0
464a4
0
464a4
0
464a4
0
464a4
0
464a4
0
464a4
0
464a4
0
464a4
0
464a4
0
464a4
0
464a4
0
464a4
0
464a4
0
464a4
0
464a4
0
464a4
0
464a4
0
464a4
0
464a4
0
464a4
0
464a4
0
464a4
0
464a4
0
464a4
0
464a4
0
464a4
0
464a4
0
464a4
0
464a4
0
464a4
0
464a4
0
464a4
0
464a4
0
464a4
0
464a4
0
464a4
0
464a4
0
464a4
0
464a4
0
464a4
0
464a4
0
464a4
0
464a4
0
464a4
0
464a4
0
464a4
0
464a4
0
0
0
0
0
0
0
0
0
0
0
0
0
0
0
0
0
0
0
0
1
18fde
0
18fde
0
18fde
0
18fde
0
18fde
0
18fde
0
18fde
