212
5e
0
0
3f2
395
0
0
2b1
c3
0
0
17c
1dc
0
0
349
3ea
0
0
14d
1e3
0
0
309
f9
0
0
f0
161
0
0
1bf
ea
1
0
7f
70
0
0
134
95
0
0
271
2fb
0
0
2e5
369
0
0
14c
136
0
0
22f
3ab
1
0
10c
85
0
0
16f
0
0
0
71
1cf
0
0
264
2f0
0
0
1eb
2c1
1
0
22a
29
0
0
15f
10e
0
0
b9
22c
0
0
2b1
cf
0
0
d0
10e
0
0
2dd
330
0
0
220
33b
0
0
1fc
a5
0
0
ce
1e0
0
0
2ee
369
0
0
195
69
0
0
139
1fd
0
0
30b
278
0
0
1a8
230
0
0
16b
13f
0
0
1e4
b0
0
0
290
32b
1
0
295
29a
0
0
304
293
0
0
90
d9
0
0
351
190
0
0
3c0
ac
0
0
1eb
95
0
0
145
22
0
0
34d
360
0
0
0
0
0
1
0
0
0
1
358
381
0
0
111
2bc
0
0
368
64
0
0
0
0
0
1
2b2
3a3
0
0
303
368
0
0
1e3
1ef
0
0
6e
337
1
0
2b9
1c8
1
0
84
212
0
0
277
299
1
0
129
261
1
0
204
3c3
0
0
32b
1be
0
0
3ae
1
0
0
338
90
0
0
258
251
0
0
64
258
0
0
f1
9
0
0
26a
3fa
0
0
3bd
3d2
0
0
191
37b
0
0
37c
3f8
0
0
88
13d
0
0
38e
262
0
0
ba
87
0
0
90
119
0
0
113
1bc
0
0
18f
e0
0
0
5c
3b2
1
0
3aa
1ba
0
0
2f7
334
0
0
196
d2
0
0
159
145
0
0
25e
3c2
0
0
17f
4f
0
0
12f
3fd
0
0
3af
28d
0
0
0
0
0
1
325
2a0
0
0
372
3b
0
0
181
309
0
0
2cc
39b
0
0
3ea
394
0
0
391
187
0
0
14
9
0
0
3fa
226
0
0
c7
15c
0
0
198
2e9
0
0
0
0
0
1
356
24a
0
0
1de
62
0
0
1e9
2ff
0
0
308
34a
0
0
171
1f1
0
0
34e
1fe
0
0
e7
377
1
0
332
2f7
0
0
141
a2
0
0
104
223
0
0
122
140
0
0
8b
344
0
0
135
14f
0
0
34e
2a5
0
0
21c
168
1
0
60
2a8
0
0
34a
1a1
0
0
3c5
151
0
0
292
28
0
0
36c
3f
0
0
18e
14d
0
0
3f2
28e
0
0
3f7
21
0
0
2c9
336
0
0
d7
2ba
0
0
b
19e
0
0
1c6
296
0
0
2d5
2d3
0
0
20
2f9
0
0
0
0
0
1
273
180
0
0
b6
3ce
0
0
288
1b2
0
0
351
3ae
0
0
244
2eb
0
0
1bf
1e
0
0
0
0
0
1
10e
14
0
0
194
3f2
1
0
3c0
f
0
0
1c2
202
0
0
1b0
20d
0
0
f8
74
0
0
92
289
0
0
146
289
0
0
29e
265
0
0
257
295
0
0
2a5
255
0
0
57
13c
0
0
349
3a4
0
0
19
308
0
0
191
390
0
0
21a
9d
0
0
302
302
0
0
198
367
0
0
1bc
3d2
0
0
10e
21e
0
0
1c2
215
0
0
11d
393
0
0
0
0
0
1
379
2b2
0
0
1b5
2e0
0
0
248
346
0
0
318
2e
0
0
24c
232
0
0
48
118
0
0
ac
71
0
0
34d
19b
0
0
4d
304
0
0
1e4
115
1
0
5b
d9
0
0
107
249
0
0
7b
18
0
0
131
14c
0
0
1bd
23d
0
0
3d8
2bb
0
0
1bf
111
0
0
226
378
0
0
51
1
0
0
24a
18f
0
0
1a8
e
0
0
15a
1b2
0
0
3ef
263
0
0
11e
3f1
0
0
102
216
0
0
18e
250
0
0
251
3a0
0
0
130
3e5
0
0
3f4
2ea
0
0
9c
267
0
0
ca
87
0
0
79
41
0
0
258
345
0
0
196
24f
0
0
1f0
ff
0
0
e5
3e4
0
0
2ce
3a9
0
0
210
28d
0
0
315
49
0
0
8a
187
0
0
cc
1ae
0
0
3fd
8f
0
0
18f
2cd
0
0
2b1
305
0
0
0
0
0
1
2
de
0
0
127
5a
0
0
1e1
3ae
0
0
15c
35d
0
0
3ed
35a
0
0
227
55
0
0
35a
33d
0
0
b1
340
0
0
1f
260
0
0
2ba
26f
0
0
21e
38d
0
0
2ea
5a
0
0
3b5
1c
0
0
71
43
0
0
380
10c
0
0
4d
9c
0
0
2fc
b0
0
0
31f
ab
0
0
38
19c
0
0
1f7
18c
0
0
1a8
24d
0
0
291
23d
0
0
34a
3b9
0
0
55
329
0
0
3d9
1b5
0
0
260
35a
0
0
f7
ee
0
0
27a
3b5
0
0
202
22
0
0
260
21
0
0
3db
e8
0
0
11
144
0
0
2f9
8a
0
0
3e4
319
0
0
7
1ad
0
0
162
63
0
0
86
e1
0
0
102
29d
0
0
386
1d1
0
0
315
90
0
0
0
0
0
1
17e
35b
0
0
108
1a3
0
0
207
2ab
0
0
38c
1c8
0
0
66
203
0
0
3d4
27a
0
0
30a
305
0
0
16a
60
0
0
3bb
2fc
0
0
a0
74
0
0
31f
fe
0
0
2c7
2a7
0
0
0
0
0
1
31f
29c
0
0
1a2
5e
0
0
be
370
0
0
26c
262
0
0
2d6
6b
0
0
16a
2e7
0
0
18e
3da
0
0
7f
277
0
0
113
21d
0
0
27c
16
0
0
386
3b7
0
0
219
f1
1
0
15c
2b2
0
0
19a
386
0
0
360
255
0
0
cc
17
0
0
235
147
0
0
15d
257
0
0
20e
39f
0
0
90
3d4
0
0
287
3fd
0
0
383
3ab
0
0
200
aa
0
0
c2
241
0
0
388
142
0
0
39a
393
0
0
333
9e
0
0
72
2e8
0
0
2e6
264
0
0
20f
264
0
0
30e
10
0
0
251
389
0
0
cc
26f
1
0
203
88
0
0
126
3df
0
0
2c7
2aa
0
0
10e
3ac
0
0
210
164
0
0
174
209
1
0
0
0
0
1
226
5f
0
0
e7
d3
1
0
b2
259
0
0
103
37
0
0
3e4
13e
0
0
2a2
5a
0
0
263
3
0
0
3ba
17b
0
0
1da
119
0
0
0
0
0
1
1c2
73
0
0
ab
33e
0
0
0
0
0
1
25f
197
0
0
19a
310
0
0
8b
30d
0
0
26
13e
0
0
a8
1f4
0
0
267
2c7
0
0
206
206
0
0
b
225
0
0
3bc
d5
0
0
3e5
3e5
0
0
2f2
1de
0
0
31d
3fb
0
0
1ef
1da
1
0
a1
35f
0
0
166
30b
0
0
130
2cb
0
0
3a0
307
0
0
0
0
0
1
2ca
2cc
0
0
2c7
220
0
0
3fa
3dc
0
0
33b
77
0
0
382
6d
0
0
338
1ed
0
0
f5
3e0
1
0
cc
255
0
0
121
2b6
0
0
d7
32b
0
0
307
1ae
0
0
225
b1
0
0
11e
f6
0
0
2e4
3f9
0
0
3d9
18f
0
0
3e4
17a
0
0
31
1bb
1
0
e6
18f
0
0
33d
347
0
0
3f8
114
0
0
20a
165
0
0
15e
9d
0
0
22c
82
0
0
1fc
21a
0
0
3d6
6
0
0
195
10f
0
0
56
2da
0
0
3ee
13f
0
0
2a4
2d2
0
0
36f
3ae
0
0
30
317
0
0
131
2c4
0
0
2ca
390
0
0
9f
26e
0
0
148
365
0
0
a4
2a7
0
0
179
215
0
0
1c4
84
0
0
39b
232
0
0
f6
7c
0
0
c
398
1
0
206
150
0
0
b5
2e3
0
0
18a
3b2
0
0
1c8
3ed
0
0
71
272
0
0
a4
1a2
0
0
21e
2ac
0
0
244
179
0
0
0
0
0
1
358
1c
0
0
3cf
17b
0
0
168
3d3
0
0
245
2a3
0
0
45
2bd
0
0
16a
1dd
0
0
356
362
0
0
3d7
391
0
0
3ae
276
0
0
3f1
3f8
0
0
3cc
237
0
0
da
117
0
0
3d5
17e
0
0
35c
11
0
0
373
e6
0
0
78
270
0
0
e6
28c
0
0
285
b7
0
0
2ee
164
0
0
27b
15d
0
0
2dc
6c
1
0
7d
7d
0
0
163
1bc
0
0
2c
1b6
0
0
42
1a4
0
0
25b
1c
0
0
180
17b
0
0
2d8
1fa
0
0
266
1dc
0
0
259
d7
0
0
293
20f
0
0
3c5
399
0
0
13e
1be
1
0
1da
3e8
0
0
163
1f5
0
0
3ef
1a3
0
0
37f
1dc
0
0
2b3
d
0
0
21d
32d
0
0
2c6
3da
0
0
198
ba
0
0
a2
81
0
0
276
224
0
0
3c8
30
0
0
20d
1f5
0
0
202
2b5
0
0
1e2
20e
0
0
1e8
3ec
0
0
a6
4b
0
0
cc
1c0
0
0
3e5
18e
0
0
1be
263
0
0
58
14
0
0
2c9
293
0
0
a2
7c
0
0
68
201
0
0
24c
fe
0
0
2be
1a5
0
0
333
1
0
0
264
145
0
0
159
149
0
0
0
0
0
1
d
222
0
0
23
114
0
0
212
3dc
0
0
181
3e1
0
0
3e3
1c4
0
0
309
262
0
0
3ab
21b
0
0
1ac
154
0
0
377
30f
0
0
23
3b3
0
0
38f
391
0
0
373
27a
0
0
3e
369
0
0
1cc
2a1
0
0
bc
31
1
0
185
106
0
0
15
250
0
0
203
2a1
0
0
232
174
0
0
3ee
66
0
0
3cf
299
0
0
13a
320
0
0
351
12
1
0
118
81
0
0
2d1
26a
0
0
10b
3d5
0
0
14a
108
0
0
16e
1de
0
0
77
da
0
0
3fa
1ec
0
0
1fe
8
0
0
89
1f5
0
0
5f
1ac
0
0
181
294
0
0
39c
18a
0
0
369
169
0
0
0
0
0
1
30d
13b
0
0
144
1ac
0
0
3a1
67
0
0
213
156
0
0
3eb
211
0
0
39c
264
0
0
3ce
2da
0
0
3fb
78
0
0
1b3
1da
0
0
386
36
0
0
9d
1ed
0
0
343
91
0
0
2a3
a6
0
0
30b
348
0
0
222
29
0
0
a1
13b
0
0
316
138
0
0
16e
211
0
0
3fe
eb
0
0
17d
303
0
0
3a9
126
1
0
6e
3a3
0
0
3cc
278
0
0
3b4
1d2
0
0
30b
f
0
0
221
32a
0
0
16
342
0
0
245
3d2
0
0
f8
12
0
0
3b5
231
0
0
a9
a5
1
0
277
2b2
0
0
2c2
8e
0
0
3b8
81
0
0
3c4
64
0
0
36
314
0
0
326
9c
0
0
2cd
28d
0
0
332
24c
0
0
ff
2fb
0
0
389
128
0
0
1a9
3a6
0
0
a
72
0
0
386
36f
1
0
b
4
0
0
291
3e5
1
0
232
223
0
0
11e
299
0
0
3c1
396
0
0
33c
2fa
0
0
36c
24f
0
0
1be
f6
0
0
fb
328
0
0
30e
2f1
0
0
114
bd
0
0
356
363
0
0
2f9
2c5
0
0
1bf
359
0
0
1a8
104
1
0
1fa
1bf
0
0
e7
1d3
0
0
c5
3d2
0
0
8f
1a6
0
0
109
2e7
0
0
1ac
37d
0
0
2d7
3b4
0
0
b8
b7
0
0
276
117
0
0
2eb
2a
0
0
3fc
88
0
0
22f
196
0
0
7d
36c
0
0
2ea
173
0
0
127
22e
0
0
2e5
227
0
0
33e
23b
0
0
266
b
0
0
94
363
0
0
f9
35e
0
0
2cb
136
0
0
2a9
136
0
0
364
1b6
0
0
3dd
244
0
0
7f
5d
0
0
68
31f
0
0
282
36
1
0
394
1bb
0
0
2f1
92
0
0
1c8
38a
0
0
0
0
0
1
161
31b
0
0
378
180
0
0
9f
20e
0
0
244
9c
0
0
257
38d
0
0
1f
4c
0
0
3d7
50
0
0
36d
28b
0
0
0
0
0
1
3f1
374
1
0
182
1dc
0
0
278
24d
1
0
1da
1d7
0
0
223
fd
0
0
14d
2f7
0
0
182
149
0
0
3ba
36
0
0
3ab
146
0
0
322
3ec
0
0
239
293
0
0
6a
84
0
0
181
1ef
0
0
e6
39a
0
0
e3
110
0
0
146
1d9
0
0
320
83
1
0
6f
313
0
0
1a6
248
0
0
2cc
c9
0
0
2b9
125
0
0
c0
2a3
0
0
3b3
39a
0
0
174
289
0
0
30d
a
0
0
31d
2b4
0
0
fc
e1
0
0
1aa
371
0
0
96
332
0
0
1d5
20b
0
0
1a6
13b
0
0
3c4
6e
0
0
79
284
0
0
138
73
0
0
0
0
0
1
29e
214
0
0
146
365
0
0
170
385
0
0
c0
328
0
0
396
1de
0
0
63
1a4
0
0
217
0
0
0
32d
1ce
0
0
3e3
1cc
0
0
131
18c
0
0
112
ea
0
0
12
3e8
0
0
1c7
1ae
0
0
352
35e
0
0
35e
396
0
0
164
33f
0
0
10b
159
0
0
2e5
2b6
0
0
3a1
296
0
0
27e
21
0
0
1cf
315
1
0
273
235
0
0
1cb
361
0
0
2a1
b6
0
0
20f
2e8
0
0
19e
2c7
0
0
15d
2b6
0
0
2d7
4f
0
0
364
290
0
0
c5
55
0
0
3b6
8
0
0
be
237
0
0
11f
3ed
0
0
2b4
ad
0
0
363
f0
0
0
13f
d
0
0
29e
ab
0
0
100
226
0
0
22e
3b4
0
0
1eb
112
0
0
ff
17a
0
0
228
1c4
0
0
2b4
3b0
0
0
3be
2a8
0
0
353
314
1
0
13a
3b3
0
0
367
18
0
0
12a
d
0
0
187
224
0
0
3e8
1a0
0
0
150
101
0
0
3aa
329
0
0
23d
12a
0
0
dd
5b
1
0
73
133
0
0
140
1f4
0
0
18
1a2
0
0
342
3b2
0
0
b3
12e
0
0
57
10b
0
0
235
2ac
0
0
307
ea
0
0
21d
ef
0
0
2e3
dd
0
0
27f
9c
0
0
4e
199
0
0
2c8
3f4
1
0
100
ba
0
0
366
3bf
0
0
aa
1a0
0
0
290
2fe
0
0
3db
4a
1
0
e6
36b
0
0
104
26e
0
0
263
394
0
0
4e
a0
0
0
5f
e1
0
0
281
8
0
0
306
1f6
0
0
240
2f4
0
0
25f
156
0
0
3c5
28f
0
0
224
21c
0
0
2bc
23
0
0
104
48
0
0
51
3f6
0
0
1ec
31c
0
0
210
374
0
0
cb
3ac
0
0
23b
303
0
0
11f
43
0
0
66
f9
0
0
141
31b
0
0
311
188
0
0
a5
323
0
0
297
7b
0
0
27
2f8
0
0
1fb
2aa
0
0
2ed
194
0
0
28d
1eb
1
0
107
1b0
0
0
338
24b
0
0
16e
23f
0
0
2bb
1b8
0
0
b0
35b
0
0
205
8
0
0
19c
ba
0
0
2a5
106
0
0
2b6
15a
0
0
3a6
db
0
0
31a
5f
0
0
217
83
0
0
3de
1fd
0
0
205
337
0
0
3f1
31d
0
0
23
3c5
0
0
11f
208
0
0
2e3
294
0
0
2f3
2f4
0
0
377
8b
0
0
288
143
0
0
7a
f
0
0
32d
3fc
0
0
3c1
144
0
0
34c
2f2
0
0
186
380
0
0
274
0
0
0
8b
154
0
0
297
27a
0
0
28a
3d1
0
0
3cd
27d
0
0
3c2
331
1
0
223
215
0
0
195
16b
0
0
16b
1a5
0
0
2f9
337
0
0
1b1
ab
0
0
7c
1d
0
0
29b
2fa
0
0
22b
47
0
0
25c
2a9
0
0
14
1b
0
0
1c0
1f0
0
0
127
7f
0
0
12a
2ec
0
0
309
107
0
0
1
1c9
0
0
210
16d
0
0
16
274
0
0
28f
59
0
0
24a
120
0
0
19f
354
0
0
240
15f
1
0
266
260
0
0
29
2ef
0
0
5c
30f
0
0
183
305
0
0
35e
248
0
0
368
16b
0
0
bf
364
0
0
c3
40
0
0
2a0
336
0
0
226
224
0
0
133
3a9
0
0
2ae
393
0
0
1dc
329
0
0
94
cf
0
0
33
21c
0
0
25c
9b
0
0
3d1
1b1
0
0
3d5
c8
0
0
71
36f
0
0
303
286
0
0
1af
e0
0
0
1af
6f
0
0
28c
3ea
0
0
85
2fa
0
0
ab
1aa
0
0
272
2c8
0
0
237
146
0
0
3cc
32e
0
0
0
0
0
1
ac
357
0
0
341
27b
0
0
175
206
0
0
3b0
26b
0
0
133
2a
0
0
170
309
0
0
237
2be
0
0
2fb
279
0
0
1d0
3a4
0
0
21f
301
0
0
107
f5
0
0
360
57
0
0
81
3e1
0
0
2ea
a3
1
0
361
1e8
0
0
61
36a
0
0
30f
e5
0
0
3e7
1c
0
0
111
279
0
0
2d1
81
0
0
63
103
0
0
1a6
73
1
0
25b
3d6
0
0
340
16a
0
0
24f
31
0
0
4d
41
0
0
2bb
cb
0
0
14d
2d6
0
0
3da
223
0
0
296
16c
0
0
142
1ed
0
0
357
9c
0
0
ce
250
0
0
292
302
0
0
3ce
4b
0
0
322
3b7
0
0
1da
3c8
0
0
135
305
0
0
f2
111
0
0
1ae
1cd
0
0
1d
1ce
0
0
d1
212
0
0
25d
2d5
0
0
28d
85
0
0
4d
f8
0
0
3fd
23b
0
0
34d
2f4
0
0
c1
32a
0
0
f9
30e
0
0
0
0
0
1
260
23
0
0
a8
179
0
0
271
22d
0
0
69
272
0
0
166
97
0
0
3c1
28
0
0
336
295
0
0
220
ed
0
0
110
d2
0
0
24b
2c3
0
0
f1
126
0
0
0
0
0
1
31f
1c1
0
0
1e9
22d
0
0
c3
21f
0
0
30d
14b
0
0
21e
d3
0
0
396
84
0
0
1aa
50
0
0
2d8
2f1
0
0
b2
167
0
0
394
73
0
0
292
131
0
0
27d
29f
0
0
372
393
0
0
17
22a
0
0
27b
172
0
0
63
143
0
0
2aa
23
0
0
96
36c
0
0
9e
1d1
0
0
71
285
0
0
218
ba
0
0
2e5
27d
0
0
3ef
2f3
0
0
36
1fe
0
0
221
11a
0
0
86
3b6
0
0
188
2a8
1
0
12d
3f5
0
0
b0
c9
0
0
346
164
0
0
57
3a8
0
0
1a7
f0
0
0
20a
8e
0
0
45
60
0
0
308
3f4
0
0
3ea
1a2
0
0
26b
ee
1
0
252
124
0
0
cc
6e
0
0
15e
2a5
0
0
333
bc
0
0
11c
1ad
0
0
1a2
10b
0
0
2ae
3d3
0
0
c1
255
0
0
379
3b1
0
0
1f
f2
0
0
397
f5
0
0
1b1
2de
0
0
8b
389
0
0
94
34a
0
0
0
0
0
1
34
327
0
0
2d8
ad
0
0
19f
2ac
0
0
3a1
15b
0
0
39
245
1
0
1ce
310
0
0
25a
2ab
0
0
8b
201
0
0
128
46
0
0
f3
60
0
0
30c
36e
0
0
c9
3cb
1
0
211
1e
0
0
32e
b9
0
0
364
3e8
1
0
1e9
54
1
0
9a
11c
0
0
17c
20c
1
0
17a
3e9
0
0
3b4
334
0
0
352
10d
0
0
1c6
3e7
0
0
3cf
307
0
0
35b
1c9
0
0
2e5
3de
0
0
1ea
1a1
0
0
18a
1e
0
0
352
ef
0
0
1fc
a9
0
0
91
12c
0
0
33
208
0
0
3d2
2e4
0
0
2c2
105
0
0
2a7
2
0
0
21
1b9
0
0
2a8
75
0
0
11e
33c
0
0
69
156
0
0
35e
29
0
0
30e
3ae
0
0
b4
101
0
0
103
28e
0
0
47
fd
0
0
172
2b0
0
0
1ec
3fd
0
0
153
250
0
0
279
31d
0
0
2cb
1ca
0
0
2cb
1d5
0
0
63
267
0
0
364
18b
0
0
3b
32f
0
0
32c
3a6
0
0
1f6
36f
0
0
28c
113
0
0
2dd
14f
0
0
324
3b1
0
0
218
269
0
0
3f4
3cc
0
0
2fc
1b9
0
0
15f
2d4
0
0
243
3d9
0
0
ec
1bd
0
0
30d
2fd
0
0
2af
2e7
0
0
151
1eb
0
0
1b7
96
0
0
24f
3cc
0
0
2a0
184
0
0
15d
2cb
0
0
88
3d8
0
0
2d6
383
0
0
26a
380
0
0
16b
90
0
0
127
276
0
0
242
2b2
0
0
36
22a
0
0
0
0
0
1
34f
1ee
0
0
171
2da
0
0
25a
1f7
0
0
287
98
0
0
30e
2be
0
0
170
24a
0
0
75
3f7
0
0
36e
315
0
0
103
3fc
0
0
2d6
8d
1
0
284
1e6
0
0
27e
3de
0
0
29c
3df
0
0
22a
10e
0
0
105
eb
0
0
0
2f2
0
0
